1 10
3 8
8 12
4 84
9 95
331358794 820674098
5 56
10 22
8 73
7 63
1 57
6 5
6 25
1 39
3 60
2 81
5 35
8 100
6 29
7 90
1 37
7 34
3 49
1 38
7 88
9 30
333734901 647005907
140068687 419634856
725891944 969448805
792362041 423498933
108260816 609551797
593511479 711449475
853906091 809812670
549662082 945236243
296519935 960061928
854939092 4244941
519976508 777084731
264926775 887044705
602799218 494169337
880162386 653879733
868095112 994962872
622152471 448257864
523061914 144515354
596386879 356583466
592821498 42617080
647732356 84460643
451688701 6561
661983283 9
474026177 729
822957727 6561
286996517 27
321823343 19683
422262807 3
624216668 19683
514853447 9
916546405 6561
238972792 59049
450526186 6561
591892483 729
357780112 9
528551307 729
199154351 3
234899623 6561
576449056 59049
508185014 3
969271595 9
1 1
2 9
3 27
2 3
1 3
3 9
10 3
4 81
1 2
4 27
3 1
3 3
