3
6
17717644
234881124
999999991
785468433
0
1
4
2
5
7
11
8
14
100
857317034
129834751
473803848
682661588
307935747
938631761
682499671
572614130
435910952
508125
573681250
365378266
541851325
19928497
648068609
996453351
903327586
424641940
565667832
446175557
332476079
512816845
944454424
28619469
559353433
423625559
208921643
1000000005
1000000006
1000000007
543525658
512561295
599999999
1000000007
500000002
531250026
1000000001
175578776
771418556
177675186
900000000
443969514
840398451
910275020
314152037
999998020
999998210
499996412
999999991
772625246
940027552
969969792
756187119
684247947
401008799
750000003
1
