5 3 2
5 4 2
300 300 3
300 282 7
1000000000 1000000000 1000000000
1000000000 800000000 2
2 0 2
2 1 2
2 2 2
3 2 2
3 3 2
10 7 3
10 8 3
10 8 5
10 9 5
972 100 2
972 600 2
972 900 2
972 900 4
972 900 5
12345 11292 3
120009 70955 2
120009 100955 2
291527 253014 7
300294 299002 188
23888888 508125 3
23888888 16789012 2
23888888 19928497 4
23888888 19928497 5
23888888 19928497 812
23888888 23862367 812
87413058 85571952 11
87413058 85571952 12
87413058 85571952 25
512871295 482216845 2
512871295 482216845 3
512871295 508216845 90
512871295 512816845 99712
512871295 512870845 99712
512871295 512870845 216955
512871295 512871195 2000000
512871295 512871295 12345678
778562195 708921647 4
500000000 500000000 4
375000000 375000000 3
250000000 250000000 2
300000000 300000000 12561295
300000000 300000000 212561295
300000000 300000000 299999999
500000002 500000002 2
625000001 625000000 5
875000005 875000000 7
1000000000 1000000000 8
901024556 900000000 6
901024556 900000000 91
901024556 900000000 92
901024556 900000000 888
901024556 901000000 1000
901024556 901000000 1013
999998212 910275020 25
999998212 999998020 1072520
999998212 999998020 381072520
999998212 999998210 381072520
999998212 999998211 499998210
1000000000 1000000000 1000000000
1000000000 1000000000 772625255
1000000000 999999904 225255
1000000000 999998304 22255
1000000000 999998304 7355
1000000000 999998304 755
1000000000 999998304 256
1000000000 1000000000 2
1000000000 1 999999998
