25
7 9
15 19
23 19
22 19
5 8
2 11
11 19
10 1
24 25
21 12
17 20
18 3
25 19
4 10
6 4
1 19
13 22
14 6
16 7
3 23
12 2
9 19
8 19
20 5




44
3 3 4
3 25 1
2 18
3 7 10
3 13 12
3 3 10
3 23 13
3 25 12
3 3 11
3 18 17
3 22 10
3 4 6
3 22 17
3 8 15
3 18 15
3 5 2
3 11 17
3 21 6
3 8 21
2 2
2 5
3 9 10
2 17
3 25 14
3 17 1
3 25 5
3 19 9
3 14 7
3 8 16
3 7 19
3 21 2
3 8 9
3 5 7
2 23
3 2 15
3 20 20
3 18 19
3 10 6
3 23 17
3 6 11
3 2 10
3 8 17
3 15 22
3 3 13
